4294967279,74
4294967279,70
4294967279,69
4294967279,139
4294967279,138
4294967294,30
4294967294,61
4294967294,12
4294967279,272
4294967294,11
4294967294,81
4294967279,68
4294967279,286
4294967278,384
4294967279,135
4294967279,66
4294967279,65
4294967279,64
4294967279,63
4294967279,62
4294967279,61
4294967279,58
4294967279,57
4294967279,56
4294967279,51
4294967279,50
4294967279,49
4294967279,48
4294967279,47
4294967279,45
4294967279,44
4294967279,43
4294967279,42
4294967279,41
4294967279,39
4294967279,38
4294967279,37
4294967279,36
4294967279,35
4294967279,30
4294967279,29
4294967279,28
4294967279,27
4294967279,26
4294967279,25
4294967279,260
4294967279,19
4294967279,18
4294967279,17
4294967279,16
4294967279,15
4294967279,11
4294967279,21
4294967279,20
4294967279,269
4294967279,283
4294967279,279
4294967279,282
4294967279,277
4294967279,265
4294967279,264
4294967279,263
4294967279,262
4294967279,261
4294967279,259
4294967279,258
4294967279,256
4294967279,255
4294967279,254
4294967279,253
4294967278,258
4294967278,257
4294967278,338
4294967278,337
4294967278,336
4294967278,333
4294967278,346
4294967278,371
4294967278,251
4294967279,575
4294967279,539
4294967278,248
4294967294,41
4294967294,436
4294967294,43
4294967294,416
4294967294,82
4294967294,83
4294967278,245
97,2
4294967278,132
4294967278,131
4294967278,130
4294967278,129
4294967278,128
4294967278,127
4294967278,126
4294967278,125
4294967278,124
4294967278,123
4294967278,122
4294967278,121
4294967278,120
4294967278,119
4294967278,118
4294967278,117
4294967278,116
4294967278,115
4294967278,114
4294967278,113
4294967278,112
4294967278,110
4294967278,109
4294967278,108
4294967278,107
4294967278,106
4294967278,105
4294967278,103
4294967278,102
4294967278,101
4294967278,100
4294967278,99
4294967278,98
4294967278,96
4294967278,95
4294967278,94
4294967278,93
4294967278,91
4294967278,90
4294967278,86
4294967278,85
4294967278,84
4294967278,83
4294967278,81
4294967278,80
4294967278,79
4294967278,78
4294967278,76
4294967278,74
4294967278,72
4294967278,71
4294967278,70
4294967278,69
4294967278,67
4294967278,64
4294967278,63
4294967278,62
4294967278,61
4294967278,0
4294967279,80
4294967279,72
4294967279,71
4294967279,565
4294967279,40
4294967279,290
4294967279,525
4294967279,34
4294967279,33
4294967279,32
4294967279,531
4294967279,31
4294967279,287
4294967279,530
4294967279,137
4294967279,24
4294967279,23
4294967279,284
4294967279,22
4294967279,268
4294967279,0
4294967279,266
4294967279,14
4294967279,13
4294967279,12
4294967279,10
4294967279,9
4294967279,8
4294967279,7
4294967279,6
4294967279,5
4294967279,4
4294967278,242
4294967278,240
136,4
136,3
136,2
136,1
4294967278,238
4294967294,426
4294967278,237
4294967278,111
4294967278,236
135,4
135,3
135,2
135,1
4294967278,233
4294967278,232
4294967278,230
4294967278,228
134,4
134,3
134,2
134,1
4294967279,226
4294967278,226
4294967278,224
4294967278,104
4294967278,222
133,4
4294967278,220
133,3
133,2
133,1
4294967278,219
4294967294,1419
4294967294,1417
4294967278,218
4294967294,198
4294967294,201
4294967278,214
132,4
132,3
132,2
132,1
4294967278,213
4294967278,212
4294967278,211
131,4
4294967278,210
131,3
131,2
131,1
4294967278,382
4294967278,97
4294967278,209
4294967278,208
4294967278,207
130,4
130,3
130,2
130,1
4294967278,206
4294967294,8
4294967294,1415
4294967294,178
4294967294,1076
4294967294,385
4294967294,406
4294967294,1040
4294967294,398
4294967294,191
4294967294,415
4294967294,402
4294967294,168
4294967294,108
4294967294,394
4294967278,205
4294967278,92
4294967278,204
4294967278,317
129,6
4294967278,87
4294967294,471
4294967278,200
4294967279,574
4294967278,89
4294967278,380
4294967278,272
129,5
4294967278,199
4294967278,198
129,4
129,3
129,2
129,1
4294967278,197
4294967278,196
4294967278,82
4294967278,195
4294967278,313
4294967279,318
4294967294,22
4294967278,194
128,5
4294967278,77
4294967278,192
4294967294,89
128,4
4294967278,191
128,3
128,2
128,1
4294967278,312
4294967278,190
4294967279,190
4294967294,418
4294967294,1078
4294967294,1049
4294967294,1
4294967294,388
4294967294,120
4294967294,114
4294967278,75
4294967278,311
4294967278,73
4294967278,370
4294967279,73
4294967278,185
4294967278,184
4294967278,181
4294967278,183
127,5
127,4
4294967278,182
127,3
127,2
127,1
4294967278,343
4294967278,68
4294967294,9
4294967278,65
4294967278,178
4294967279,67
4294967279,542
4294967278,66
4294967278,323
4294967278,356
126,5
4294967278,177
4294967279,177
4294967278,176
